leaves_8_0
MSE= 0.13195393880208334
PSNR= 131.0782945607837

leaves_8_1
MSE= 0.13323866102430557
PSNR= 130.9814040537626

leaves_8_0x10
MSE= 0.132744140625
PSNR= 131.01858848569148

